"y0" "y"
101 100.884319157831
101 101.045667749710
101 101.032008994921
101 100.908965356059
101 101.002807367742
101 101.062664300866
101 101.009064635029
101 101.109483473931
101 101.029970003996
101 101.017301217734
101 101.006254480135
101 101.063552435928
101 100.953692458211
101 101.065506499800
101 101.100612661718
101 100.954326508056
101 101.142786695570
101 101.029410501965
101 100.786766754468
101 100.799327236265
101 101.044471858264
101 100.920578480443
101 100.995842723495
101 100.966981291182
101 101.038944126914
101 101.081903020924
101 100.959341626192
101 100.91178670233
101 101.144005416716
101 100.887376390629
101 100.944574965167
101 101.091008855012
101 100.897542159695
101 101.010855519196
101 100.857252639837
101 101.123987025809
101 101.106712090043
101 100.936674560274
101 100.994389923439
101 100.929703583933
101 100.906168365232
101 101.017140678377
101 100.959024809434
101 100.812431018741
101 101.009351680805
101 100.931293372999
101 101.02942613278
101 101.17557296549
101 100.988165292055
101 101.039345123069
101 100.808549533394
101 100.920109658214
101 101.109045481805
101 101.080119453411
101 100.865658619914
101 101.181103440189
101 100.944449299462
101 100.928008250306
101 100.939431697153
101 101.093370227587
101 101.079032420421
101 101.023075855007
101 101.144819253834
101 101.028808558849
101 101.029074382503
101 101.172227598951
101 100.973166202422
101 100.898204088525
101 101.082545544951
101 100.995515206050
101 101.046624653584
101 101.122733119469
101 100.971344974535
101 101.177240340558
101 100.923110865516
101 100.888945330100
101 100.989903890203
101 101.125249631179
101 100.805928254359
101 101.030013669143
101 101.071369789729
101 100.935377065464
101 101.059006483859
101 101.078851574255
101 100.923885510000
101 101.051986210842
101 101.015840339118
101 101.115323844470
101 101.129695936217
101 100.849950726570
101 100.954069359331
101 101.006054720906
101 100.993061178588
101 100.974366521218
101 100.927292955932
101 100.950576694764
101 100.964639338715
101 100.927162781754
101 100.920975528952
101 100.959404804894
101 100.938942255696
101 100.912760492056
101 101.177102917052
101 101.090154713515
101 100.974172393013
101 100.935244256169
101 101.234771617911
101 100.905561350320
101 101.108495720250
101 101.087643387392
101 100.926934853877
101 101.047015226134
101 101.069310116104
101 100.933283814965
101 101.096566046386
101 101.138766622327
101 100.965835722792
101 100.963092485224
101 101.064993107846
101 101.089495347921
101 100.879525052153
101 101.151532740443
101 101.053047667899
101 101.070562539379
101 100.851921576727
101 100.953035559491
101 100.831644742321
101 101.045125295492
101 101.029779719473
101 100.775893859651
101 100.967976373692
101 100.840886129130
101 101.005112199741
101 100.936091564207
101 100.997095374854
101 100.951091128852
101 100.981701538409
101 100.847076299633
101 100.901952036959
101 101.072993274122
101 101.089800500267
101 101.13480591693
101 101.096409550181
101 100.940100032325
101 101.123498550107
101 100.913870826261
101 101.15865151639
101 100.991942672061
101 101.060359622134
101 100.871196241138
101 100.937409322368
101 100.853998585046
101 100.978902752212
101 100.900201867491
101 100.984481359402
101 101.194644572802
101 100.981239983085
101 101.057568301158
101 101.154307270557
101 101.004392038867
101 100.937760608125
101 100.852902480199
101 101.028614521347
101 101.059959914654
101 100.929406412288
101 101.034995153611
101 100.868366663946
101 101.016839790345
101 100.799677502013
101 100.986420695834
101 100.868370697701
101 100.893554299348
101 101.028151174521
101 101.126606213264
101 100.983891290164
101 101.094187373513
101 101.083668083289
101 100.902163278556
101 100.928676798480
101 100.983082119563
101 100.763777804876
101 100.991560247434
101 101.032164668287
101 101.080126085605
101 101.003387212587
101 100.979120997455
101 100.898562505408
101 100.886025144265
101 100.965397003894
101 100.911441262869
101 100.895890336707
101 100.993577215206
101 101.037091277632
101 100.990197634988
101 101.056026880897
101 101.083044115365
101 101.055261110502
101 101.00021326976
101 100.953594109112
101 101.01515000211
101 101.038045288003
101 100.890574690904
101 101.038923709294
101 101.016207257868
101 100.979902988989
101 100.875292041391
101 101.051656599964
101 101.050674026122
101 100.897574582855
101 100.995652301322
101 100.9946274132
101 101.098734966271
101 101.113083742386
101 100.968183786696
101 100.949295437935
101 100.891940026297
101 100.903533133043
101 100.894617739120
101 101.162249904702
101 101.066328843167
101 101.092233083751
101 101.098985297306
101 101.010053025359
101 100.933955910353
101 101.015396196100
101 101.006667445635
101 101.048272313090
101 100.987223383172
101 101.076639792552
101 101.062295233793
101 100.917267634037
101 101.153707078717
101 101.030264187702
101 100.784353800951
101 101.065746888703
101 100.929008887523
101 101.039493653097
101 100.917890390199
101 101.163912589065
101 101.037022786482
101 100.864261120602
101 101.011040913669
101 101.082930902393
101 101.001943993409
101 101.175581386458
101 101.080846471661
101 101.062828406541
101 100.951213723644
101 100.999466216143
101 101.047060964167
101 100.918339924507
101 101.006611782632
101 100.905827872632
101 100.908756958369
101 101.071478768424
101 100.959989474598
100.999698818696 100.990672709547
100.998795456205 100.929147506680
100.997290456679 101.092541605933
100.995184726672 101.159561872666
100.992479534599 100.905143986427
100.989176509965 100.923019313646
100.985277642389 101.048278193171
100.980785280403 100.866808470381
100.975702130039 101.112336323765
100.970031253195 100.969028860095
100.963776065795 101.091881843582
100.956940335732 101.097210223812
100.949528180593 100.946341843022
100.941544065183 100.798812762246
100.932992798835 100.933299780152
100.923879532511 100.929177513671
100.914209755704 100.789389455120
100.903989293123 100.840264953643
100.893224301196 100.811316529838
100.881921264348 100.975876140452
100.870086991109 100.919468805718
100.857728610000 100.783575841596
100.844853565250 100.888254490440
100.831469612303 100.629381154191
100.817584813152 100.866474545795
100.803207531481 100.961193393655
100.788346427627 100.737671609876
100.773010453363 100.614892192608
100.757208846506 100.630146914405
100.740951125355 100.721732635094
100.724247082951 100.673049916252
100.707106781187 100.721276223463
100.689540544737 100.786667343326
100.671558954847 100.627806013335
100.653172842954 100.733637066914
100.634393284164 100.493285058793
100.615231590581 100.612187809609
100.595699304492 100.505184361208
100.575808191418 100.515638367744
100.555570233020 100.612350557351
100.534997619887 100.360197096632
100.514102744193 100.503318581287
100.492898192230 100.727829598006
100.471396736826 100.573643948267
100.449611329655 100.351659065860
100.427555093430 100.344422587396
100.405241314005 100.405543422706
100.382683432365 100.422146741387
100.359895036535 100.352425991272
100.336889853392 100.194390257517
100.313681740399 100.267008088457
100.290284677254 100.262923374029
100.266712757475 100.221543184709
100.242980179903 100.153437084905
100.219101240157 100.226459474757
100.195090322016 100.117734206066
100.170961888760 100.038719102095
100.146730474455 100.201596821538
100.122410675199 99.951957390319
100.098017140330 100.301638405164
100.073564563600 100.026164348944
100.049067674327 99.8605997369152
100.024541228523 99.944974754112
100 99.9209210226564
99.9754587714771 99.8613356714831
99.9509323256726 99.9481712083174
99.9264354364003 99.9645308800517
99.9019828596704 100.040539636909
99.8775893248008 99.7260592136947
99.8532695255446 99.7745894699274
99.8290381112397 99.664171089846
99.8049096779839 99.8016375240375
99.7808987598431 99.6613547447925
99.7570198200967 99.6771754285479
99.733287242525 99.6833310488422
99.7097153227455 99.5804992709627
99.6863182596011 99.6698022058938
99.6631101466078 99.6552653380214
99.640104963465 99.5423722942262
99.617316567635 99.5825281405143
99.594758685995 99.4406584969558
99.5724449065697 99.3601361569089
99.5503886703454 99.399274696978
99.528603263174 99.4794171917386
99.5071018077702 99.560487700949
99.4858972558068 99.4169207332296
99.4650023801129 99.4209177345085
99.4444297669804 99.4471559529705
99.4241918085822 99.5001218980138
99.4043006955076 99.391710774609
99.3847684094194 99.4309255189723
99.3656067158363 99.4184214095907
99.3468271570462 99.4582116932523
99.328441045153 99.187317286278
99.310459455263 99.3132261527713
99.2928932188134 99.1164862574438
99.2757529170485 99.2717634532806
99.259048874645 99.3002635129384
99.2427911534935 99.090596058784
99.2269895466373 99.389958052663
99.2116535723734 99.230567807709
99.1967924685193 98.990191531744
99.1824151868484 99.1406420305784
99.1685303876975 99.033377899626
99.1551464347503 99.1564396454412
99.1422713899997 99.1835633580601
99.1299130088913 99.212453865995
99.1180787356517 99.017621149352
99.1067756988045 99.1313023540458
99.0960107068766 99.0619993617746
99.0857902442965 98.9848106956763
99.0761204674887 98.9490130616738
99.0670072011653 99.202350347854
99.058455934817 99.1243239736666
99.050471819407 99.2290738182538
99.0430596642678 98.8651148251758
99.0362239342046 98.969104079328
99.0299687468055 99.12510854678
99.0242978699615 99.0584483986185
99.0192147195968 99.1461874127534
99.014722357611 98.896339321332
99.0108234900352 98.9230439704136
99.0075204654013 99.1614568757774
99.0048152733278 98.8416334379206
99.0027095433213 98.8932277143255
99.0012045437948 98.8374721759064
99.0003011813038 99.1058186749056
99 99.040293247801
99.0003011813038 99.0679421833078
99.0012045437948 98.9274671606486
99.0027095433213 98.885554400047
99.0048152733278 99.0675301724283
99.0075204654013 99.0501625945959
99.0108234900352 98.9751029965606
99.014722357611 99.049946188022
99.0192147195968 99.1497481807332
99.0242978699615 99.084672261972
99.0299687468055 99.1399228217552
99.0362239342046 99.1351213430994
99.0430596642678 98.950635460834
99.050471819407 99.0123870881021
99.058455934817 99.075792830204
99.0670072011653 99.053598960166
99.0761204674887 98.8739002731165
99.0857902442965 99.1701346249954
99.0960107068766 99.2527354239458
99.1067756988045 99.1053858004639
99.1180787356517 99.0469335461698
99.1299130088913 99.242273197627
99.1422713899997 99.1971783712992
99.1551464347503 99.1834377929168
99.1685303876975 99.2392505921996
99.1824151868484 99.4083121577895
99.1967924685193 99.2614094452667
99.2116535723734 99.1027691506401
99.2269895466373 99.2366144985063
99.2427911534935 99.3514635746822
99.259048874645 99.1746253530682
99.2757529170485 99.2600261699778
99.2928932188134 99.3830345396494
99.310459455263 99.0228207790119
99.328441045153 99.4163851619085
99.3468271570462 99.2059503734253
99.3656067158363 99.374409383991
99.3847684094194 99.5541595929492
99.4043006955076 99.2770708637428
99.4241918085822 99.2095555486078
99.4444297669804 99.4179355552118
99.4650023801129 99.407729802573
99.4858972558068 99.522122865047
99.5071018077702 99.5038510375796
99.528603263174 99.44015991201
99.5503886703454 99.5843251922104
99.5724449065697 99.5320737757036
99.594758685995 99.695376982411
99.617316567635 99.6980972835119
99.640104963465 99.6744591121141
99.6631101466078 99.5446985242934
99.6863182596011 99.7449216459496
99.7097153227455 99.6809965123095
99.733287242525 99.5650364535272
99.7570198200967 99.6784718961944
99.7808987598431 99.8080644559049
99.8049096779839 99.804399690306
99.8290381112397 99.86082490882
99.8532695255446 99.8279258210307
99.8775893248008 99.6962700498655
99.9019828596704 100.170891869840
99.9264354364003 99.8349422962062
99.9509323256726 99.9731229868629
99.9754587714771 99.9912495084622
100 99.977242564992
100.024541228523 100.075880559531
100.049067674327 100.091605107752
100.073564563600 100.181929467591
100.098017140330 100.119245783573
100.122410675199 100.045572700760
100.146730474455 100.166887848242
100.170961888760 99.9374673121974
100.195090322016 100.136852021423
100.219101240157 100.325216004265
100.242980179903 100.242298625676
100.266712757475 100.255479599981
100.290284677254 100.422458812079
100.313681740399 100.300462793265
100.336889853392 100.392453883353
100.359895036535 100.511087966643
100.382683432365 100.421090426893
100.405241314005 100.268560209767
100.427555093430 100.628834344334
100.449611329655 100.512887683719
100.471396736826 100.364820055068
100.492898192230 100.448459752620
100.514102744193 100.478522521713
100.534997619887 100.597838516595
100.555570233020 100.588183765455
100.575808191418 100.650348504381
100.595699304492 100.561498872119
100.615231590581 100.529357750148
100.634393284164 100.720239851317
100.653172842954 100.785718666652
100.671558954847 100.474159559394
100.689540544737 100.656264688068
100.707106781187 100.810231451430
100.724247082951 100.733667125846
100.740951125355 100.719628993065
100.757208846506 100.808002104538
100.773010453363 100.832511120926
100.788346427627 100.833451810403
100.803207531481 100.655409004910
100.817584813152 100.801475744965
100.831469612303 100.806817537822
100.844853565250 100.847042841737
100.857728610000 101.061350788168
100.870086991109 101.011049832645
100.881921264348 100.968386957730
100.893224301196 100.865184457823
100.903989293123 100.941396878997
100.914209755704 101.016045659479
100.923879532511 100.890315054647
100.932992798835 100.785583009998
100.941544065183 100.963209155617
100.949528180593 101.013212496429
100.956940335732 100.749115801805
100.963776065795 100.936806453197
100.970031253195 100.890743629445
100.975702130039 101.070428797402
100.980785280403 101.122465245371
100.985277642389 101.045283991261
100.989176509965 101.051036264699
100.992479534599 100.876831391520
100.995184726672 100.966233228589
100.997290456679 100.933230467553
100.998795456205 100.898474598895
100.999698818696 100.943178961577
101 100.901926069678
