O3;T6;T12;Ne12;Ne15;Vx;O3v
47.6;10.1;13.3;8;8;-3.4641;62.2
56.2;9.5;13.8;7;0;0;47.6
61.8;3.6;16.8;2;2;-0.342;56.2
50.8;9.5;11.4;7;7;-0.5209;61.8
59.8;9.8;13.8;8;8;-0.9848;50.8
53.4;8.9;12.6;8;8;-1.8794;59.8
49.4;11.2;13.3;8;7;-0.1736;53.4
82.8;10;15.6;1;3;6;49.4
76.8;3.7;12.3;3;5;4;82.8
92.6;3.1;14.1;4;4;1.7321;76.8
90.6;4.3;17;4;3;4.924;92.6
104.6;4.8;18;1;0;4.3301;90.6
71;5.9;13.3;1;1;6.0622;104.6
66.6;6.5;14.1;1;2;2.0521;71
93.8;7;13.6;7;7;-2.5;66.6
87.2;7.1;11.3;6;5;-0.8682;93.8
71.6;9.2;12;8;8;-3.9392;87.2
72.4;10.7;12.3;8;8;-6.5778;71.6
63.4;2.6;7.8;7;7;-5.3623;72.4
62.2;-0.3;10.2;6;8;-2;63.4
76.8;5.4;13;7;6;6.8937;62.2
69.4;6.1;7.7;8;8;1.0419;76.8
79.4;2.4;11.7;7;8;0.9848;69.4
71.6;6.9;10.8;8;8;-1.3892;79.4
77;8.3;10;8;8;-4.5963;71.6
57.8;10.1;11.5;8;8;0.3473;77
60.8;9.2;10.7;8;8;2.9544;57.8
56.2;9.6;12.3;8;8;3;60.8
75.6;10.2;13;8;7;-2.5981;56.2
80.2;10.6;13.9;7;6;-1.2856;75.6
101.4;9.3;18.5;6;5;4.924;80.2
113;8.1;22.6;5;6;4;101.4
115.6;9.4;24.6;1;0;3.4641;113
117.8;10.2;26.6;1;1;1.0261;115.6
127.8;12.6;28.1;1;1;3.0642;117.8
144.6;14.5;27.9;3;1;3.4641;127.8
157;13.3;26.7;1;1;1.5;144.6
90.8;12.1;18.3;3;1;-1.0419;157
74.4;9.5;15.8;2;4;-1.3681;90.8
85.8;10;17.2;6;2;1.2856;74.4
58.2;10.4;13.1;8;8;5;85.8
64.4;8;9.3;8;8;1.3892;58.2
74;5;11.6;5;3;1.3892;64.4
85.6;2.4;14.1;3;4;-1;74
77.2;6.2;14.8;7;7;4.924;85.6
42.8;9.1;12.1;8;7;3.2139;77.2
75;12.4;15.3;6;6;-9;42.8
80;8;13.4;6;2;-1.0419;75
70.4;5.3;13.9;4;7;-0.3473;80
69;6.2;13.4;7;7;-4.4995;70.4
83.4;5.4;16.8;3;7;3.7588;69
94.2;9.6;20;6;6;4.6985;83.4
91.8;12.3;23;3;2;2;94.2
62;14.2;16;8;7;-4;91.8
59.8;10.9;19.7;5;4;-4.5963;62
62.4;10.9;18.6;7;7;-2.5;59.8
60.2;13.9;21.6;5;4;-3.5;62.4
64.2;15.7;21.4;7;6;-3.8567;60.2
68.8;12.1;17.1;6;5;-3.0642;64.2
64.6;10.4;14.4;6;7;-1.9284;68.8
76.8;10.7;16.3;7;5;-1.7101;64.6
66;9;16.7;7;8;-2.9544;76.8
62.6;11.9;17.7;6;8;-1.9284;66
46.2;11.7;14.9;8;7;-3.0642;62.6
69.4;11.6;17.6;6;6;-5.1962;46.2
72.2;8.6;16.3;6;6;-0.6946;69.4
78.2;8.7;19.5;4;4;-0.766;72.2
45.2;11;17.6;7;7;-1.0261;78.2
77.2;11.5;16.7;3;2;-1.3892;45.2
74;8.6;16.5;7;6;2;77.2
63.8;7.8;16.1;8;8;-1.9284;74
45.8;11.8;16;7;7;-2;63.8
64.6;11.9;15.2;6;6;2.5;45.8
60;10.8;14.8;7;6;0.8682;64.6
81;7.7;16.7;7;7;0.8682;60
65.6;9.9;18.5;4;2;1.0419;81
54.6;10.4;21.4;1;1;-1.5321;65.6
49.6;12.9;17;8;8;-4.5963;54.6
33.2;15.8;17.1;8;7;0.3473;49.6
66.6;14.4;21.6;3;6;-1.5;33.2
60.8;15.1;22.3;8;7;-1;66.6
56.4;15.3;23;1;1;2;60.8
78;14.6;21.6;1;1;6.0622;56.4
77.4;13.2;17.9;5;3;6.1284;78
70.8;12.7;20;1;2;3;77.4
93.6;12.6;22.5;4;2;4.924;70.8
102.2;17.9;28.8;1;2;6.8937;93.6
114;19;29.1;1;2;6.5778;102.2
121.6;17.1;30.5;2;3;5.6382;114
136.8;21.5;32.2;1;1;5.9088;121.6
137.4;19.1;32;1;1;1.5;136.8
136.6;18.3;30.3;6;8;-1.9696;137.4
86;17.2;22.7;6;6;-2.8191;136.6
84.4;15.1;19.2;7;7;-1.3681;86
77.6;12.8;20.7;7;6;-1.0261;84.4
51;12.3;19.2;8;8;-0.684;77.6
50.8;14.8;20.4;7;6;-1.5;51
75.8;13.7;24.3;5;3;0.5209;50.8
134;15.9;28.4;6;1;4.3301;75.8
129.6;18.3;32.7;3;3;1.5;134
98.8;21.2;25.2;7;5;-1.9284;129.6
66.8;17.7;21.3;7;4;-2.9544;98.8
71.4;18.1;24.6;7;7;0.5209;66.8
69.8;16.9;22.3;7;7;-0.342;71.4
59.6;16.9;23.2;6;8;-6.0622;69.8
79.2;17;22.6;5;5;-4.924;59.6
63.6;15.4;22.4;6;7;-4.6985;79.2
53.6;17.2;22.3;7;7;-3.5;63.6
69.6;15;24.9;6;5;-3.9392;53.6
104.2;18;27.2;3;3;0;69.6
123.4;19.2;33.1;1;3;1.8794;104.2
80.6;18.8;24.3;0;0;-1.7101;123.4
70.6;16.3;21.4;1;1;2.7362;80.6
105.6;11.3;23.4;0;0;1.9696;70.6
117.2;13.9;28.1;0;0;3.9392;105.6
128;18.4;31;3;5;6.8937;117.2
96.4;19.3;24.6;6;7;-5.1423;128
48;17.1;21.3;7;6;-5.1962;96.4
56.8;19.6;22.4;8;3;-1.7321;48
98.2;17;28;1;0;2.5981;56.8
114.6;15.9;30.7;3;3;1.7321;98.2
138.8;19.2;29.6;4;5;1.0261;114.6
140.8;17.9;32;1;3;0.3473;138.8
134.6;20.5;29.9;6;6;0.766;140.8
114.8;17.4;26.3;3;8;-1.7321;173
104.4;17.3;22.7;6;7;-1.2856;114.8
76.6;17.4;20.1;8;8;3;104.4
75;14.5;20.1;7;7;5.1962;76.6
115.8;16.5;24.2;2;7;3.8302;75
144;16.8;27.2;4;6;5.1962;115.8
144.4;17;30.6;1;2;-0.9848;144
108.2;17.2;20.5;7;1;-1.7321;144.4
72.4;18.1;23;3;1;0;108.2
88.6;14.6;22.3;4;7;0;72.4
112;12.2;24.4;2;2;1.7101;88.6
131.2;13.1;27.1;1;6;3.8302;112
131.6;14.7;28.6;1;3;4.3301;131.2
125.6;14.7;28;2;2;5.6382;131.6
155.8;15;29.6;2;2;1.5321;125.6
161.4;17.8;28.4;0;3;1.0261;155.8
125.4;16.3;28.2;1;3;4.3301;161.4
111.4;14.3;27.2;1;1;2.5;125.4
91.4;17.7;23;8;7;-3;111.4
68;14;23.2;5;4;-1.2155;91.4
73;19.1;23.8;7;4;-3.9392;68
86;14.9;22.8;2;1;-3.8567;73
73.8;17.4;23.2;7;7;-2.0521;86
65.4;13.2;20;4;4;-1.2155;73.8
65.4;9.6;21.3;5;7;-2.0521;65.4
81.2;16.7;19.1;6;2;3.2139;65.4
60.6;10.2;20.5;7;7;1.0419;81.2
58.8;15.9;19.4;7;5;-0.6946;60.6
68;13.1;21.4;7;7;-2;58.8
69.8;11.1;19.7;5;6;-6.8937;68
62.2;12;20.7;7;7;-4;69.8
66.2;12;19;4;5;-2.8191;62.2
64.8;13;17.5;8;8;0;66.2
67;17.5;18.9;7;8;-6;64.8
79.8;15.7;20.6;7;7;-6.8937;67
65.6;12.8;20.6;6;7;-1.0419;79.8
59;15.2;19;7;8;1.9284;65.6
78;11.5;19.8;5;7;-3.4641;59
56.2;11.3;18.4;4;4;-3.7588;78
70.6;10.2;17.8;6;5;-1.8794;56.2
45.6;13.8;13.6;8;7;-3.8567;70.6
48.2;13.6;17;7;7;-4.924;45.6
75.2;12.5;17.1;6;5;-3.2139;48.2
83.6;9.8;19.4;4;7;2.8191;75.2
75.2;14.3;19.8;6;7;3.7588;83.6
91.8;10.9;19.2;7;7;3.5;75.2
71.2;13.7;17.4;5;3;0;91.8
72.6;10.4;18.3;3;3;0;71.2
70.8;7.6;17;7;6;1.7321;72.6
53.2;10.8;18;7;7;-0.5;70.8
66.8;12.4;14.7;7;6;-3.4641;53.2
58;8.6;16.1;3;6;-2;66.8
49.2;11.4;16.2;7;7;-3.8567;58
60.4;16.5;15.9;8;5;-4.4995;49.2
49.6;6.7;15.8;7;6;-5.1962;60.4
45;7.6;15.3;7;7;-1.5;49.6
52.8;10.9;14.3;8;8;0;45
75.2;3.7;8.8;6;5;6.5778;86.8
75.4;0.2;6.3;5;3;3.5;75.2
81.6;-0.2;7.1;5;3;3.2139;75.4
95.8;-1.6;10.5;0;0;4.924;81.6
64;0.3;9.3;7;7;5;95.8
53;4.3;8.6;8;8;-1.5321;64
70.2;7.1;10.3;8;8;-1;53
83.4;7.3;12.4;8;8;-1.7321;70.2
87;4.9;15.2;6;3;0.5209;83.4
79.6;8.6;13.5;7;6;-1.5;87
81;8.2;14.3;7;6;-0.866;79.6
79.8;9.2;17.9;5;7;-0.3473;81
50;10.3;12.8;7;7;-1.8794;79.8
86.8;6.2;12.1;8;8;-0.9848;50
70;11.3;16.5;7;7;0.6946;86.8
105.8;7.4;18.6;6;8;2.5;70
81.4;7.9;15;6;6;-5.9088;105.8
68.2;8.1;15.2;6;7;-3.5;81.4
87;9.1;17.7;7;7;-0.5209;68.2
93.6;13.5;18.1;7;6;-2.0521;87
95.6;11.9;20.8;7;4;-3.4202;93.6
63.6;10.5;13.4;7;7;2.5981;95.6
68.6;9.6;12.7;7;7;-5.9088;63.6
81.6;6.7;14.3;6;7;-3.0642;68.6
84.4;4.5;12.8;7;2;-1.0261;81.6
85.6;3.7;15.5;3;3;2.5712;84.4
112.4;7;20.3;5;4;4.6985;85.6
100.2;9.1;18.7;5;5;-1.2155;112.4
89.6;6.8;15;4;5;1.5;100.2
74.6;5.6;15.1;5;6;-2.8191;89.6
81.8;8.3;10.3;7;7;1.0419;74.6
79;7.9;13;6;7;1.2155;81.8
65.8;8.1;9.3;7;8;1.0419;79
85;7.2;12.3;5;7;3.9392;65.8
105.6;4.2;14.6;3;3;4.924;85
79;8.9;7.9;8;8;5.3623;105.6
71.4;8;13.6;7;7;3.8567;79
74.8;9.8;10.4;8;8;5.1423;71.4
84.8;6.4;12.7;2;3;4.5;74.8
77;4.8;11.6;6;7;2.5;84.8
71.6;6;11.4;7;7;2.5;77
95.4;7.3;13.1;7;7;1.7101;71.6
95.2;3.2;14.4;6;7;0.6428;95.4
81.2;5.4;13.1;7;8;3.5;95.2
71;10.3;13.1;8;8;2.5;81.2
58.6;9.2;8.3;8;8;4.3301;71
43.2;7.7;10.1;8;7;0;58.6
72;10;16.5;7;6;0.866;43.2
86;6.5;12.9;6;5;-5.3623;72
82.8;8.7;13.8;6;3;-0.6428;86
88;8.7;14.1;6;6;-5.6382;82.8
67.2;10;13.4;8;8;-3;88
50;13.1;16.7;7;7;-4.5963;67.2
53.6;12.7;15.8;7;6;-4;50
62.8;12.3;13.5;8;8;0;53.6
64;12.2;13.8;8;8;-3.8567;62.8
71.4;12.1;15.6;7;7;-6.1284;64
68.4;10.7;16.7;7;5;-1.0261;71.4
90.6;11.3;20.7;2;2;-1;68.4
112.6;14.9;26.4;5;5;1.2155;90.6
60.2;13.9;17.6;8;8;-1.7321;112.6
86.8;10.5;17.1;5;6;-3.7588;60.2
81.2;10.9;15.5;7;7;0;86.8
90.2;7.7;18.7;2;1;-2;81.2
90;13.8;21.9;1;1;1;90.2
139;15.7;26.8;1;1;2.2981;90
139.6;18.5;30.8;4;1;0.684;139
130;19.3;30.6;0;1;-0.8682;139.6
94.6;13.3;12.6;8;8;0;130
86.8;9.9;21.4;3;2;-1.5;94.6
80;15.9;22.1;5;6;0;86.8
60;14.2;23.7;2;1;-3.2139;80
78.2;16;18.4;7;2;1.3681;60
121;12.5;22.6;0;0;4.3301;78.2
111.2;14;23.1;2;1;5.1962;121
129.4;15;25.3;5;4;6.8937;111.2
126.8;16.5;27.7;1;1;6;129.4
125;17;27.5;7;3;0.766;126.8
125.8;14.9;26.9;0;1;-2.2981;125
113.8;16.5;27.2;6;7;-1.3681;125.8
64.6;15.9;21.3;6;6;-4.6985;113.8
94.8;14.7;17.2;7;2;2.3941;64.6
98.2;10.5;18.7;3;5;-3.2139;94.8
113.2;10.5;19.4;4;4;2.5;98.2
96.4;10.7;20;6;5;0;113.2
95.6;11.4;21.6;5;5;0.5209;96.4
62.6;12.5;17.1;8;7;-2.5981;95.6
41.8;16.1;20.6;8;8;-0.9397;62.6
72.6;14.7;21.7;7;7;-4.6985;41.8
72;14.7;18.1;7;5;-5.7851;72.6
57.4;13;18.2;8;8;-5.9088;72
69.6;13.7;17.7;7;6;-4.6985;57.4
53.2;13.5;18;7;7;-4.924;69.6
38;14;18.9;8;8;-3.8567;53.2
65;14.2;21;6;5;-6.5778;38
49.4;12.8;18.1;7;7;-2.5981;65
58.2;10;18.5;7;8;-4.6985;49.4
73.6;10.6;17.6;6;5;0;58.2
62;12.1;19.6;6;4;-2.0521;73.6
56;11.1;19.2;7;8;-4.924;62
70.8;15.5;20.5;5;2;-2.0521;56
73;14.2;17.4;8;1;-1.7321;70.8
54.8;13;18.6;7;7;1.0261;73
33.6;17.3;21;7;7;-1.5321;54.8
57.2;17;23.1;3;1;-0.3473;33.6
96.4;17.7;24.4;6;6;3.4641;57.2
105.6;15.4;24.5;0;0;6.5778;96.4
114.4;15.3;25.9;0;0;4.924;105.6
119.8;15.2;27.2;2;0;4.6985;114.4
126.2;15.2;26.9;2;1;3.9392;119.8
151.4;14.1;29.2;1;1;1.2856;126.2
143.2;14.8;31.3;1;1;1.9696;151.4
134.4;18.2;32.2;1;1;3.0642;143.2
117.8;16.7;25.7;2;5;-4.924;134.4
69;16;22.1;5;3;-1.7101;117.8
103.6;12.5;24.6;5;3;2.8191;69
127.8;13.5;25.5;3;3;3.8302;103.6
67.2;16.3;22.4;6;7;0.8682;127.8
46.2;14.4;22.7;7;7;-2.5981;67.2
65.6;17.7;24.2;6;6;-3.9392;46.2
66.8;17.1;21;7;5;-1.9696;65.6
56.4;12.6;21;8;4;-4.3301;66.8
69.2;17;21.6;5;7;-4.5963;56.4
61.6;13.4;19.4;7;7;-2.0521;69.2
104.8;10.3;22.7;5;3;2.5712;61.6
131;14.5;26.4;0;2;4.6985;104.8
108.6;14.3;26.9;7;7;-2.0521;131
77.6;17.4;21.6;2;2;-4.3301;108.6
73.6;8.9;20.4;3;2;-0.5209;77.6
89.4;9.8;24.7;2;6;-2.5;73.6
48;16.9;18.7;8;7;-0.8682;89.4
63.6;16.8;20.8;7;6;-3.8302;48
63;14.5;19.8;6;6;-4.5963;63.6
77;13.2;20.2;6;4;-0.8682;63
106.8;14.8;22.3;4;3;-1.0261;77
106.6;12.4;23.6;4;1;1.3681;106.8
106.4;13.5;20.5;4;1;1.7321;106.6
118.6;13.2;27.2;2;3;0.866;106.4
134.2;13.5;29.5;2;1;0.5209;118.6
143;17;29.6;0;0;2;134.2
131.2;16.1;31.6;2;6;2.5981;143
93.6;17.5;22.2;7;7;0;131.2
64.8;13.9;21.7;6;5;-2;93.6
71.8;11.6;23.1;6;6;-3.5;64.8
60;18.1;21.4;5;4;-6.0622;71.8
67.2;14;21.7;7;6;-6.8937;60
79.2;13.4;20.2;4;5;-3.9392;67.2
61.2;10.1;20.3;4;6;-2.5981;79.2
60.4;11.2;18.3;6;6;3.8567;61.2
87.4;11.6;17.9;7;3;-2;60.4
75;12.6;18.9;7;6;-2.0521;87.4
64.8;11.7;18.3;6;7;0;75
74.4;11;20.5;5;5;0;64.8
87.8;8.4;19.7;5;5;2.5981;74.4
96;8.5;21.1;2;3;2.5712;87.8
102.8;8.7;20.7;4;1;3.8302;96
112.6;12.2;24.7;0;1;5.6382;102.8
99.6;12.8;22.3;0;0;0.5209;112.6
110.2;9.6;23.8;0;0;1.7321;99.6
103.8;9.2;21.8;0;0;4.6985;110.2
96.8;8.6;19;6;2;7.8785;103.8
78.8;12.9;19.1;2;3;3;96.8
57.2;13.1;17.3;8;6;2.5;78.8
74.4;11.8;18.7;7;8;4.6985;57.2
67;7;17.5;7;7;1.2155;74.4
66.8;7.4;16.9;1;1;1.0419;67
78.8;5.3;18.4;5;1;3.2139;66.8
89.6;5.9;20.7;1;0;3.4641;78.8
94.2;9.7;20.9;0;0;5.1962;89.6
100;9.8;21.6;2;2;6;94.2
90.4;10.3;17.9;6;7;5;100
45.6;10.3;14.3;8;7;3.8567;90.4
36.8;11.1;12.3;8;6;0.5;45.6
89.2;8.6;17.8;4;5;4.6985;36.8
72.2;12.3;14;7;7;0;89.2
66.4;9;18;7;7;-1.5321;72.2
83;5.4;19.3;5;8;-0.684;66.4
78.6;12.2;17.5;7;5;-0.5209;83
44.4;10.5;17;8;8;-3.2139;78.6
62.8;12.9;19.6;5;3;-5.6382;44.4
64;11.2;18.8;6;7;-2.5981;62.8
53.4;13.6;20.1;8;8;-4.5963;64
60;16.3;17.4;8;8;-3;53.4
99.4;5.1;20.7;5;5;-0.3473;81.8
115.8;5.2;21.6;0;0;2.5981;99.4
127.4;4.3;19.8;0;0;1.7101;115.8
91.6;4.1;12.3;2;1;4.6985;127.4
89;3.1;12.9;3;1;5.1962;91.6
90.8;3.5;16.3;0;0;5;89
96.8;7.8;16.5;0;0;5.1962;90.8
84;4.1;13.1;0;0;5.1962;96.8
89.8;6.2;14.2;2;2;6.5778;84
108.6;4.7;15.8;0;0;6.8937;89.8
90;5.3;12;7;7;4.6985;108.6
103.8;2.8;10.9;0;0;8.4572;90
97.8;1.7;11.8;0;0;1.7101;103.8
104.2;0;13.6;1;5;0.9848;97.8
96;1.7;15.2;3;4;-2.5981;104.2
82.6;3.8;17.9;6;5;-1.7101;96
62;8.8;12.6;8;8;-2.5712;82.6
65.8;10.8;16.1;6;7;-6.0622;62
64.4;10;15.1;7;4;-3.8567;65.8
61.4;13.7;17;8;8;-6.9282;64.4
70;11.2;15.8;7;6;-3.5;61.4
86.4;7.2;19.5;3;2;3;70
72.6;10.2;19.2;3;4;-1.9284;76.2
79.2;10.9;22.6;7;5;2.2981;72.6
80;17.7;21;7;6;3.2139;79.2
73.4;16.6;24.7;6;4;0;80
55.4;17;20.1;7;6;-6.9282;73.4
58.2;15.6;18.4;6;3;-4.924;55.4
70.2;12.8;21.2;7;6;2.5981;58.2
81.6;18.5;19.9;8;7;4.3301;70.2
73;16.2;17.6;8;6;-1.9284;81.6
96;15.9;20.8;7;6;-4.924;73
97.8;15.9;17.6;8;8;-3.4641;96
67.6;13.8;19.1;7;7;-4;97.8
59.8;13;19.8;7;5;-0.3473;67.6
63.8;14.1;20.2;7;7;-1.9284;59.8
68.4;13.6;19.1;7;6;2.5712;63.8
72.8;9.8;21.4;1;8;-0.9848;68.4
62.6;12.2;16.4;8;8;-4.6985;72.8
57.6;12.4;14.9;8;8;-4.4995;62.6
57.4;13;14;6;5;-5;57.6
62.2;11.4;15.6;7;7;-6.9282;57.4
74.4;12.7;15.3;8;7;-6.1284;62.2
70.2;13.2;17.7;8;7;-2.2981;74.4
75.4;12.4;14.6;8;7;-3.0782;70.2
61.8;10.8;18.5;5;7;-5.6382;51.6
60.6;11.7;14.1;7;7;-3.4641;61.8
76.4;11.1;17;7;7;-4.6985;60.6
92.4;13.2;19.6;5;3;-1.3681;76.4
99.2;10.8;21.2;1;1;-1;92.4
87.4;12.2;24.8;3;5;1.5;99.2
96.2;15.2;26;2;3;4.6985;87.4
89.4;17;25;1;2;5.6382;96.2
100.2;16.3;23.2;1;1;-1.0261;89.4
94.6;14.2;22.8;6;8;-1.2856;100.2
71.4;15.9;22.6;3;7;-1.9696;94.6
76.8;15.8;24;6;7;-3;71.4
67.8;15.3;19.8;6;5;-1.0261;76.8
65.6;13.1;23.5;7;7;-2.5981;67.8
67.4;16.7;20.6;5;4;0.6946;65.6
66.8;15.7;19.7;7;6;-3.8302;67.4
80.2;14.6;20.3;5;4;-0.8682;66.8
99.2;12.9;22.8;4;3;1.9284;80.2
99;12.1;23.9;6;6;3.7588;99.2
98.6;13.9;24.2;3;3;3.7588;99
109.2;13.4;26.3;4;3;4.6985;98.6
135.6;14.2;26.7;5;3;0.5209;109.2
124.8;13.2;24.5;7;8;-4.6985;135.6
40.2;15.1;21.1;8;7;-4.3301;124.8
39.4;16.5;23;7;7;-3.4641;40.2
74.8;18.2;23;5;3;-1.9284;39.4
90.2;13;24.7;3;5;-0.684;74.8
112;14.5;28.4;2;6;1.0261;90.2
77.2;15.3;21.8;6;3;0.6946;112
67;12.2;20.8;7;6;-2.5712;77.2
74.6;13.2;21.5;2;1;-2.2981;67
37.4;18.2;21.7;7;8;1;74.6
88.8;18.3;27.6;5;6;1.8794;37.4
71.2;17.4;23.2;7;7;-1.0261;88.8
49.8;18.4;23.1;7;7;-1.9696;71.2
87.4;16.7;24.8;3;3;-1.9696;49.8
82.6;19.6;24.1;8;4;0.684;87.4
114.6;16.6;26.8;1;3;0.684;82.6
121.8;17.3;29.1;5;6;1.8794;114.6
142.8;17.5;31.4;7;7;4.6985;121.8
95.4;19.5;21.8;8;6;-3.0642;142.8
131.8;16.5;25.8;3;4;-0.5;95.4
84;17.4;25.2;3;1;-2.8191;131.8
102.6;15.7;26.5;1;2;-0.9397;84
134.4;18;28.5;7;2;3.9392;102.6
119.4;18.8;28.7;5;6;0;134.4
87.6;17.5;21;8;7;-0.866;119.4
108;17.1;25.1;3;5;1.2856;87.6
114;18.4;27;7;3;-0.342;108
113.8;19.4;29.4;2;4;0.866;114
83;17.1;24.6;3;2;-1.5321;113.8
122;16;26.2;2;3;-1;83
89.8;19;24;5;1;-2;122
92.8;18.5;26.1;7;7;-0.766;89.8
61.6;18.6;19.4;7;7;-0.5209;92.8
74.6;12.1;20.9;6;7;0.1736;61.6
55.8;16.9;17.5;7;5;-1.9284;74.6
59.6;13.3;16.8;7;5;-7.5175;55.8
56.4;13.9;20.9;6;7;-6.8937;59.6
44.8;18.8;20.3;8;6;-4.924;56.4
70.6;17.7;23.5;4;4;-6.0622;44.8
62.2;12.5;19.6;7;4;-0.342;70.6
62.6;10.5;21.5;3;4;-3.7588;62.2
65.8;12.1;22.6;6;6;-2.5;62.6
52;17.9;17.1;8;7;-0.8682;65.8
57;12.4;18.6;7;7;0;52
69;9.4;19.4;4;4;-2;57
61;10;19.2;7;7;-0.342;69
61;11.5;19;8;1;0.5209;61
60.2;10.1;17.7;8;2;2.5712;61
83.8;10;21.4;1;0;4.924;60.2
90.4;10.4;22.2;4;3;-4;83.8
60.8;14.6;18;7;7;-3.2139;90.4
62.6;8.5;16.8;4;4;0;60.8
74;7.6;17.9;6;1;1.9696;62.6
82;6.5;20.3;4;6;2.8191;74
98.4;6.4;23.1;6;7;0;82
115.4;8.1;24.8;1;1;0.684;98.4
111.4;12.9;28.2;1;1;-2;115.4
129;13.1;28.9;1;1;2.2981;111.4
118.6;16.9;25.4;1;1;6;129
106.6;12.6;23.1;1;3;2.5981;118.6
111.6;14.6;22.5;6;1;1.2856;106.6
128.2;11.4;23.6;1;1;3.7588;111.6
121.6;9;24.6;1;3;4.924;128.2
118.6;9.6;23.5;0;1;2.8191;121.6
122.4;9.5;23.4;0;2;1.5321;118.6
139.8;8.1;22.3;6;6;-0.684;122.4
132;13.9;19.3;0;1;0.684;139.8
140.8;9.6;25.9;4;1;0.9397;132
121.8;10.9;24.3;0;0;0;140.8
86.4;10.2;13.8;5;6;-7.7942;90
85.2;7;13.4;6;5;-8.4265;86.4
89;6.9;13;6;6;-4.3301;85.2
89.4;6;14.2;5;7;-5;89
89.4;4;12.5;4;6;-2.5981;89.4
89.8;4.6;7.5;6;6;-1.2856;89.4
59.8;4.8;5.7;8;8;-0.5209;89.8
72.4;5.2;8.1;7;7;-2.3941;59.8
85;2.4;6.6;6;6;0.8682;72.4
86.4;3.9;8.1;5;3;-5.3623;74.4
80.2;4.3;8.3;8;6;2.7362;86.4
75.8;4.1;7.8;8;7;-5;80.2
91.2;3.9;9.6;7;7;-1.0261;75.8
90.8;5.7;10.7;8;7;0;91.2
94.2;7.8;13.2;7;7;-3.9392;90.8
80.4;7.9;16.7;4;7;-0.8682;94.2
68.2;8.7;19;5;6;0;80.4
71;9.9;12;8;6;-3.0782;68.2
86.2;9.7;14.2;8;8;-4.5963;71
94.8;12.4;12.9;8;8;-3;86.2
86.8;9;11.9;7;6;-2;94.8
85.6;5.3;13.6;6;7;-1.7321;86.8
84.6;5.6;14.5;6;6;-1.7101;85.6
79.4;9.2;12.7;7;8;2;79.6
84;7.1;11;8;7;3.5;79.4
106.6;7.3;13;3;3;3.5;84
96;8.3;15.6;2;3;-3.2139;106.6
74.2;10.9;14.3;7;7;-5.6382;96
105;11.6;17.6;4;2;-2.5;74.2
115.4;12;23.8;5;7;2.5712;105
106.4;13.3;19.8;5;7;-1.5321;115.4
109.8;11.6;24.2;5;6;2.5981;106.4
121.8;16.4;26;2;1;0.6946;109.8
115.4;15.3;25.1;2;6;-1.7321;121.8
108.8;13.2;24.9;6;7;-0.766;115.4
120;12.7;21.3;0;0;2;108.8
133.8;15.1;25.5;0;1;-0.5209;120
144.4;11.2;24.4;0;1;2.5712;133.8
142.8;11.3;23.7;1;2;3.9392;144.4
116.2;12;24.9;2;2;5;142.8
136.6;11.9;25.3;3;3;6;116.2
145.8;11.6;23;5;5;2.5;136.6
117.6;12;23.5;1;2;1.2155;145.8
96.8;11.5;17.2;3;4;3.8567;117.6
107;10.1;18.2;5;5;3.8567;96.8
92.8;12.4;17;7;5;0;107
80.8;9.5;17.5;6;7;-1.8794;92.8
81.4;11.4;18.4;7;7;-4;80.8
80;10.7;15.9;6;7;-1.5321;81.4
86.8;10.1;18;6;5;-0.9397;80
92.2;8.6;14.1;7;7;-4;86.8
85;13.8;17;8;7;1.0261;92.2
87.2;10.7;18;6;6;-2.0521;85
60.4;11.1;14.8;7;7;4.3301;87.2
88.6;14.7;18.7;5;3;-4.3301;60.4
95.4;14.3;18.7;5;6;-6.9282;88.6
101.4;11.3;21.2;6;7;1.8794;95.4
79.6;15.7;20.8;8;8;1.8794;101.4
99;15.9;20.8;6;5;-4.3301;79.6
84.6;12.9;18.8;6;5;-6.5778;99
79.8;14.2;18.8;8;8;-4.4995;84.6
63;16.4;20.4;7;8;-6.1284;79.8
69.2;13.4;18.4;5;6;-6.1284;63
66.2;10.8;11.9;6;7;-5;69.2
67.4;9.4;15.2;7;7;-6.0622;66.2
67.4;11.5;14.9;8;7;-2.7362;67.4
70.2;12.3;17.3;7;7;-4.924;67.4
85.8;12.6;15;7;3;-5.3623;70.2
84.6;9.4;18.3;4;5;-3;85.8
104;9.8;19.6;6;6;-3;84.6
91.4;13.3;21.2;4;2;-2.8191;104
115.2;14.8;27.3;5;6;2;91.4
151.2;18.8;32.7;5;5;2.0521;115.2
106.8;16.9;20.3;7;6;-0.6428;151.2
85.6;13.8;20.8;6;6;-2.8191;106.8
92.6;12.4;21.8;5;5;-1.9696;85.6
88.4;14.2;23.2;4;4;-2;92.6
72.6;13.9;20.3;6;6;-3.9392;88.4
69.2;13.6;19.7;7;7;-4.5963;72.6
65.8;16;16.1;8;6;-3.0642;69.2
68.4;12.1;18.7;6;6;-3.9392;65.8
58.4;12.2;17.3;8;8;-3.0642;68.4
40.2;14.5;19.6;8;7;-3.4641;58.4
83.8;15;19.8;8;8;4.924;40.2
66.8;14.8;16;8;8;4.6985;83.8
89.4;14.5;17.8;7;6;2.0521;66.8
81.6;12.4;18.6;8;4;-1.5;89.4
58.6;10.7;17.1;8;8;-2.8191;81.6
42.8;14.1;16.9;7;7;-1.9696;58.6
79;14.6;17.7;8;6;1;42.8
73.6;12.5;18.9;5;5;-0.8682;79
56.4;13.2;18.9;8;8;-4;73.6
65.8;15.8;19.1;7;7;-3.9392;56.4
79;15.7;21.3;6;7;-4.3301;65.8
37;16.4;21.3;7;7;-7.7942;79
65.4;14;18.9;4;4;-3;37
67.2;11.2;19.1;5;5;-1.7101;65.4
57;12.7;17.4;8;8;-2.9544;67.2
50.4;16.1;19.7;7;7;-4.924;57
78;15.6;21.1;5;4;-6;50.4
64;12.7;19.6;7;7;-2.8191;78
91.6;13.9;26.1;6;5;-2.5712;64
72.8;14.5;24.5;2;7;-1.7321;91.6
76.4;14.3;20.3;5;4;-5.1423;72.8
76.2;13.3;21.6;8;8;-3;76.4
55.2;15.7;17.7;8;8;-1;76.2
79.2;11.4;21.1;3;4;2.5712;55.2
110;10.7;22.8;6;5;2.9544;79.2
121.6;12.2;20;8;3;-0.866;110
69.4;14.8;19.1;8;7;-1.7101;121.6
49;15;17.1;8;7;-4.4995;69.4
59;15.1;18.4;8;8;-6.9282;49
56.2;13.4;20.2;7;7;-5.6382;59
57.2;12.1;20;6;7;-1.2856;56.2
68.8;11.6;19.3;6;6;2;57.2
80.2;11.6;21.5;3;4;1.9284;68.8
88.2;10.5;22.6;7;6;-3.7588;80.2
144.8;16.3;33.2;2;2;-3.7588;155.6
76.2;16.1;26.7;6;3;-0.684;144.8
79.4;15.1;23.7;7;6;-3.2139;76.2
121.6;12.1;21.3;4;5;0;79.4
78.4;11.6;23.8;5;5;-0.866;121.6
100;12.4;23.8;6;6;0.6946;78.4
75.2;11.7;23.1;3;2;-0.8682;100
71.4;10.8;22.4;5;7;-2;75.2
98.6;14.2;18.5;7;6;0.3473;71.4
79.4;11.5;22.6;3;3;0;98.6
55.8;11.6;20.5;7;7;-2.5712;79.4
45.6;17.7;21.7;7;7;-4.4995;55.8
68;17;21.5;8;8;-4.6985;45.6
69.2;11.6;21.1;4;7;-3.4641;68
94.6;16.2;21.3;4;3;-3.5;69.2
97.2;13.4;19.5;2;3;4.5963;84.6
101.6;7;19.3;5;4;0.8682;97.2
102.6;8.7;20.9;5;5;2.9544;101.6
115.8;11.4;23;2;2;3.7588;102.6
74.2;15.5;17.8;6;6;-3.8302;55.6
78.4;16.1;22.6;7;7;-1.3892;74.2
78.6;16.3;23.2;5;4;-5.1962;78.4
75.6;16.6;23.1;4;2;-8.8633;78.6
67.8;18.3;23;5;6;-7.7942;75.6
70;16.4;17.3;6;5;-5.6382;67.8
68;13.3;14.3;8;7;-2.2981;70
80.2;9.9;13.3;8;5;-4.3301;68
87.8;10.6;14.8;6;4;-1.5628;80.2
64.6;10.2;13.9;6;6;-6.1284;87.8
63.6;11.9;18.4;8;5;-4.6985;64.6
74.6;13.6;18.2;7;7;-3;63.6
70.2;12.3;19.2;6;6;-2.5712;74.6
92.2;9.2;22.2;3;4;1.2856;70.2
91.6;11.4;22.3;2;1;5.9088;92.2
85.6;12.4;23.2;0;2;5;91.6
98.8;12.6;22;2;2;6;85.6
94.6;11.6;21.2;1;1;5;98.8
116.2;10.9;22.6;3;4;3.9392;94.6
86.6;13.1;19.6;6;5;0;116.2
57.8;14.3;15.9;8;8;1.9284;86.6
76.2;16.2;20.1;6;6;-0.8682;57.8
72;13.6;18.6;7;7;-2.5712;76.2
65.8;15;17.7;7;4;-4.3301;72
69.8;12.7;15.4;8;7;1.5;65.8
78.8;13.6;15.1;6;8;-4.5;69.8
90.4;9.2;17.3;7;7;0;104.2
87.2;7.4;14.5;7;8;-5.3623;90.4
96;12.8;17.2;6;2;-4.924;87.2
69.4;11.3;16.4;7;8;-1.9284;96
82.6;10.3;18.2;6;1;-3.8302;69.4
83.2;10.9;15.3;7;6;-3.9392;82.6
91.6;9.6;13.4;5;4;-2.7362;83.2
92.2;4.6;14.6;6;5;-2;91.6
41.6;10;13.5;8;8;-0.9848;92.2
88.8;9.9;10.9;8;8;-3;41.6
98.8;5.5;12.2;6;3;-0.8682;88.8
87.8;10.9;13.7;6;4;-9;98.8
87;8.1;9.7;7;6;-6.8944;87.8
80.4;5.8;6.1;8;7;-4.6985;87
86;1.8;8.5;5;5;-4.5;80.4
88.6;2.5;8.9;7;7;0;86
98.6;3.7;12.8;4;4;0.8682;88.6
93.2;3.8;9.8;6;6;-4.6985;98.6
83.2;4.6;8.1;8;8;2;93.2
95.4;11.8;12.7;8;8;-1.5628;83.2
100.6;11.6;13.8;6;8;-6.1284;95.4
100.2;8.7;14.4;5;4;-6.5778;100.6
89.6;10.1;10.1;8;7;-10.3923;100.2
98.4;5.5;15.1;4;5;-3.9392;89.6
67;9;11.9;8;8;1.3681;98.4
95;9.9;15.8;6;5;1.5321;67
101;11;18.9;7;7;5.6382;95
100.8;11.2;18.7;4;4;8.6603;101
91;13.2;18.5;5;6;5.6382;100.8
94;10.8;18.3;7;7;1;91
112.6;10.6;22.4;7;6;2.5981;94
111.6;11.4;23.2;1;1;5;112.6
111;13.1;24.1;2;7;3.9392;111.6
97.4;14.2;18.5;7;6;-0.6946;111
105.6;9.7;16.5;8;7;-2.5712;97.4
91.4;11.5;19.3;4;5;-1.0261;105.6
75.2;14.5;18.2;8;7;-1.9696;91.4
92.4;11.5;18.2;5;3;-5.7851;75.2
109.4;9.9;22.6;7;7;2.7362;92.4
89.6;13.4;18;7;7;-4.5963;109.4
83.6;13.5;14;8;8;-0.8682;89.6
79.6;11.5;15.3;8;7;-2.5981;83.6
91.2;8.5;17;7;6;-4.5963;79.6
85;8.8;16.3;5;6;-1.7321;91.2
91.4;10.4;17.5;4;5;-0.5209;85
106;10.3;18.4;5;4;5;91.4
93.4;9.7;15.5;8;8;7.7942;106
80.6;10.7;16.4;8;7;-4;96.8
96;12.2;16.9;6;7;-3.4641;80.6
82.4;9.4;17.6;8;8;-2.9544;96
71.4;13;16.7;7;8;1;82.4
89.6;13;15.9;6;7;0.684;71.4
98;9.7;22;1;1;1.9696;89.6
113.4;16.1;24.9;4;1;3.4641;98
93.8;14.5;22.9;2;1;1;113.4
124.4;17.8;25.3;5;5;-0.8682;93.8
90.2;14.5;21.4;3;2;0;124.4
93;14.8;22.3;7;8;1.5;90.2
95.2;16.9;25.8;7;5;3.0642;93
88.6;17.5;16.9;8;7;-6.0622;95.2
77.8;13.5;16.1;7;6;-5.7851;88.6
70;14.3;15.4;7;7;-4.3301;77.8
80.8;11.3;14.2;6;8;-7.6604;70
79.4;11;17.1;7;6;-2.5;80.8
71;12;14.2;7;6;-2.2981;79.4
82.4;8.5;15.8;7;8;-4;71
79.8;12.1;17.4;7;8;-2.5712;82.4
101.6;12.4;18.1;7;6;-0.5209;79.8
94.6;10.7;18.6;5;6;0.6946;101.6
107.6;10.2;19.7;3;7;-1.7321;94.6
102;10.2;18.3;4;4;-0.8682;107.6
122.2;11.9;20.5;4;3;0.8682;102
138.2;13.1;23.4;1;3;0.3473;122.2
153.2;13.8;24.7;6;2;-1.7321;138.2
112.4;15.6;21.8;3;5;0;153.2
105.4;13.4;20.3;5;4;-0.1736;112.4
109;12.3;21.3;3;4;-2;105.4
71.4;15.4;18.7;8;8;-5.6382;109
74.6;10.8;15.9;6;5;-3.5;71.4
80.2;8.7;18;7;6;-0.684;74.6
74.4;15.6;19.2;6;7;-6.8937;103.2
62.2;13.4;15.7;7;7;-5.3623;74.4
62.6;16.4;22.3;6;7;-6.1284;62.2
67.8;13.8;17.6;7;7;-2.8191;62.6
53.6;15.4;22.5;7;6;-4.6985;67.8
108.6;17.1;29.7;0;2;3.8302;53.6
67.8;17.5;20.9;7;7;-3.2139;108.6
63;16.1;19.3;8;8;-0.6946;67.8
71;16.1;19.3;6;6;0.6946;63
70;15.1;20.5;6;2;-1.7101;71
51.4;14.5;18.9;8;8;-3.0642;70
106.4;14.5;24.9;5;4;4.3301;51.4
118;17.7;25.7;4;2;1.0419;132
118.2;18;25.6;3;1;1.7101;118
127.2;17.3;26.2;4;7;0;118.2
79;16.5;21.7;3;5;-4.924;127.2
75.8;17.1;22.6;5;4;-1.0261;79
75.6;12.1;19.5;8;1;-1.5321;75.8
107.8;14.3;26;3;3;-1.0261;75.6
130.6;15.9;28.1;4;4;1.5321;107.8
63.6;15.6;21.7;7;7;-2.3941;130.6
63.2;18.3;22.1;7;8;-5.3623;63.6
71;16.4;19.3;7;7;-4.6985;63.2
58;13.9;16.9;7;7;-0.8682;71
84.2;15;21.6;4;4;1;58
111.4;12.9;25.7;0;0;3.9392;84.2
118.6;15.2;29.7;0;1;6;111.4
122.2;21.7;31.1;5;4;8;118.6
136;18.5;26.7;6;6;5.1962;122.2
141.4;16.2;26.8;1;3;3.2139;136
143.4;16.7;26.4;5;6;0;159.2
132.4;16.7;27.8;2;6;-0.5209;143.4
98;16.6;26.7;7;7;0.684;132.4
85.2;16.8;23.8;5;4;1.0261;98
45.6;17.9;21.3;8;8;3.4641;85.2
62.2;15.7;24.1;6;6;-3.2139;45.6
67.2;17.6;22.1;6;7;2.5981;62.2
82;15.4;24.5;5;4;0;67.2
92.2;16.5;17.4;6;6;-4.5963;82
70;15.2;20.4;7;6;0;92.2
74;17;19.8;7;7;-3.8567;70
79.2;14.7;19.7;7;7;-1.2856;74
83.6;15.3;21.8;6;6;-1.7321;79.2
66;15.3;22.5;7;6;-2.2981;83.6
59;17.1;22.4;6;4;-5.6382;66
51.2;13.1;19.7;8;8;-3.8302;59
58.2;14;20.1;7;6;-2.9544;51.2
58.8;13.8;17.1;7;8;-4.3301;58.2
72.6;14.5;21.1;4;6;-7.7942;58.8
73;13.1;20.7;4;6;-5.9088;72.6
76.8;11.4;20.7;5;6;-1;73
109.2;14.7;24.1;6;5;4;76.8
107.2;14.4;24.3;3;3;3.7588;109.2
66.4;17.1;22.8;6;7;-1.8794;107.2
99;16.8;27.4;3;3;-0.5209;66.4
100.8;18.9;23.8;8;6;0;99
74;17.6;23.8;4;3;-2.8191;100.8
75.2;14.8;22.6;3;6;-0.1736;74
86;14.7;23.7;2;3;4;75.2
128.8;12;24.8;5;6;0;86
98.6;15.6;24.9;2;3;2;128.8
71.8;11.8;22.1;6;3;-0.6946;98.6
85.4;11.2;22.2;1;1;-0.6946;71.8
114.2;13.3;27.5;1;1;4.6985;85.4
106.4;15.6;25.3;4;2;4.924;114.2
139.2;11.6;25.9;1;1;4.3301;106.4
139;14.3;27.5;4;5;0.5;139.2
129.8;14.3;24.9;3;4;-1.0261;139
105.4;14.6;23;5;7;-3.0642;129.8
85.4;15.7;23.7;4;2;-0.8682;105.4
52.4;17.1;19.5;7;8;0;85.4
114.8;13;28.6;0;5;1.9284;52.4
133.4;17.5;30.7;4;2;-3;114.8
67.2;16.4;19.4;7;7;-0.3473;133.4
66.2;13.3;18.9;6;8;-0.6946;67.2
58.8;11.6;15.3;8;7;0.3473;66.2
79.4;7;19.6;2;1;-3;58.8
69.6;12.5;18.5;7;6;-3.8302;79.4
63.2;12.3;17.6;7;5;-2.5981;69.6
58.8;14.1;16.9;8;8;1.3892;63.2
66.8;13.5;18.3;7;8;1.3681;58.8
55.4;13.3;19;7;7;-1.2155;66.8
45.6;12.4;15.9;8;7;0;55.4
61.4;17.3;22.9;2;7;-4;45.6
67.8;16.5;20.6;7;7;-7.0707;61.4
67.2;16.7;22.2;3;6;-4.5;67.8
73.2;15.2;18;7;7;-2.7362;67.2
75.2;12.7;18.8;7;6;-2.5;73.2
75;16.2;17;8;6;-6.0622;75.2
63.4;12.1;17.6;8;8;-3.2139;75
67.4;16.3;18.3;7;7;-4.4995;63.4
65.8;12.7;17.9;6;7;-5.6382;67.4
76;5.9;9.9;7;7;-6.5778;40
53;6;10.2;8;8;3.4641;76
57;8.9;15;6;8;1.3681;53
61;8.2;8.1;8;8;-1.3892;57
61;3.2;5.8;8;8;1.0419;61
77;1.7;9.5;6;6;1.8794;61
66;-0.5;13.4;0;0;7;77
80;4.5;17.2;1;1;4.924;66
74;3.9;12.5;7;7;5.1962;80
56;9;10.9;8;5;3;74
69;1.1;10;7;7;-5.3623;56
63;1.9;8.7;6;6;-6.1284;69
65;5.4;13.7;6;4;-6.8937;63
54;5.2;7.7;8;8;5;65
60;7.6;7.8;8;6;-9.3969;54
69;2.2;7.9;8;6;4.6985;60
64;7.1;13.2;7;5;-8.6603;69
56;9.8;11.6;8;7;-1.3892;64
61;5.1;13.5;7;8;-2.0521;56
58;12.5;15;8;8;-4.4995;61
71;9.9;17;6;6;-4;58
69;9.6;15.2;7;6;-3.2139;71
73;8.5;13.8;5;6;-6.0622;69
57;6.9;11.6;8;8;2.3941;73
61;12;14.1;8;8;-2.3941;57
66;9.7;14.5;5;7;-5.7851;61
56;8.4;13.4;7;8;-0.3473;66
72;8.5;14.4;6;6;0;56
70;7;15.8;5;5;1.7101;72
75;7.2;19.3;6;6;4.924;70
79;12.4;20.2;8;2;4.3301;75
60;12;16.9;6;8;5.6382;79
58;11.2;14.8;8;8;5.1962;60
54;11;16;8;7;3.4641;58
90;13.4;21.8;4;2;4;54
91;14.6;22.3;6;6;0.684;90
75;14.5;19.6;7;7;1;91
71;13;18.5;7;7;1;75
74;12.9;19;6;6;2;71
77;15.1;18.3;6;6;2.8191;74
68;15.4;17.9;8;7;4.3301;77
75;14.2;16.1;8;7;-0.1736;68
94;12.7;17.9;5;2;0.342;75
92;12.3;23.1;5;5;2.9544;94
113;13.7;26;4;3;0;92
93;16;21.2;4;3;-3.0642;113
87;10.5;16.2;6;6;-4;93
83;11.2;14.2;6;7;-2.5;87
79;9.8;14.7;6;7;-4.6985;83
82;9.2;16.1;6;7;0;79
75;10.6;14.2;6;5;-3.8567;82
73;10.8;15.7;7;7;-3.7588;75
81;12.5;18.3;7;7;-4.4995;73
57;14.2;16.4;8;8;-2.5;81
81;11.1;17.2;6;5;-4.924;57
73;10.8;13.6;8;8;1.3892;81
77;8.6;14.7;7;8;-4.4995;73
78;9.9;15.1;5;6;-6;77
77;8.7;15.8;7;7;-2.5981;78
59;13;15.1;8;8;-4.3301;77
67;12.1;16.4;7;6;-0.5209;59
67;13.1;17.9;6;3;-3.2139;67
86;13.1;21.1;4;2;-0.5;67
72;14.4;19;8;5;-2.9544;86
82;11;19;5;5;-1.9284;72
61;12.4;16.4;8;8;-1.5;82
70;9.2;17.6;8;8;-2.2981;61
85;9;18.6;5;4;2.9544;70
107;12.7;23.2;1;1;2.5;85
83;13.3;18.5;7;4;-2.5712;76
75;13.8;18.8;7;3;-1.2856;83
59;14.3;20.1;6;2;0.9397;75
63;15.2;21.8;2;2;-1.5;59
52;13.7;20.6;2;1;-0.3473;63
102;15.6;25.7;0;3;2.9544;52
108;17.8;27.5;1;1;3.4641;102
116;17.6;29.2;0;0;4.3301;108
131;20.6;28.3;1;2;0;116
99;17.4;23.3;4;7;-0.684;131
76;17.2;21.6;6;6;-6.8944;99
75;14.7;19;7;7;-6.5778;76
60;14.3;17.6;7;7;-4.924;75
70;12.7;17.1;8;7;-3.2139;60
81;11.8;17.7;6;6;2.2981;70
106;11.8;21.9;4;3;4;81
112;14.2;23;5;4;7;106
128;15.8;24.1;7;7;1.9696;112
100;16.3;23.2;6;7;-1.2856;128
94;15;22.1;6;7;-0.684;100
75;16.3;24;5;5;-4.4995;94
73;15.3;21.7;7;2;0.3473;75
67;14.4;18.6;8;7;-1.5321;73
69;15.4;21.2;3;6;-6.5778;67
80;15.2;20.6;7;5;-3;69
88;15.8;23.4;7;4;3.9392;80
79;16.2;17.4;8;8;1.0419;88
71;12.3;18.6;7;7;-1.7101;79
52;14.1;18.2;8;8;-5.6382;71
70;12.5;16.7;7;3;-6.0622;52
64;13.4;17.1;4;6;-8.4265;70
64;9.6;19.7;5;7;-4.924;64
65;13.9;19.8;5;4;-5.6382;64
68;14.3;18.4;6;7;-4;65
72;13.5;18;5;3;0;68
82;10.5;18.9;7;5;1.3681;72
93;12.3;21.9;1;3;3.9392;82
115;11.3;22;3;4;2.5981;93
126;12;24.1;4;8;2.5981;115
127;13.2;24.9;2;2;0.5209;126
132;16.1;26.1;0;0;5.6382;127
109;17;25.4;7;7;7;132
108;17.4;24.8;6;8;1.9696;109
78;16.7;20.2;7;8;-6;108
76;16.1;21.5;7;7;1.9696;78
68;17.5;20.3;7;6;-2.8191;76
85;15.2;18.4;8;6;-1.5321;68
63;15.8;21.3;7;6;-3.8302;85
61;14.4;20;5;7;-3.0642;63
74;13;21.4;5;5;-1.7321;61
106;14.8;26.2;1;1;1.0261;74
89;14;23.8;3;6;-2.5981;106
70;14.9;23.4;5;6;-5.1962;89
72;14;20.3;6;6;-4.6985;70
80;15.5;20.7;4;5;-1.2155;72
74;12;21;4;3;-1.9284;80
62;15.4;21.5;7;7;-1.8794;74
67;17.6;24.2;6;7;1.9696;62
66;16.7;22.4;8;6;-0.6428;67
98;16.5;27.3;1;1;-2;66
53;14.4;20.8;8;2;-0.866;98
99;14.1;25.5;1;2;0.3473;53
97;16.3;25.1;1;1;-0.5209;99
89;16.6;23;6;8;-2.0521;97
64;19.1;23.2;7;7;-3.8302;89
75;14.8;22.9;1;5;-3;64
58;17.3;22.5;7;7;-4.6985;75
80;14.6;22.7;5;5;-3.4641;58
53;15.1;20.5;8;8;-1.3681;80
61;16.8;20.2;7;7;-1.2856;53
55;13.5;15.9;8;7;-0.342;61
70;10.5;20;4;7;-2.2981;55
85;11.9;22;6;6;4.3301;70
120;17.6;26.9;1;1;6.5778;85
140;16.8;27.8;2;0;3.2139;120
126;20.2;31.2;7;7;5.1962;140
102;18;19.8;8;2;-3.8302;126
66;14.6;21.7;6;6;-4.6985;102
68;14.6;20.1;7;7;-1.9696;66
72;14;22.3;7;7;-0.1736;68
91;14.8;23.4;5;5;4.3301;72
113;11.9;24.2;6;7;-2.2981;91
79;12.7;20.5;5;6;-5.9088;113
68;14.9;20.5;5;4;-2.0521;79
79;12.1;18.7;7;3;0.5209;68
79;6.9;19.8;5;3;1.7321;79
102;9;21.9;8;7;-2;79
64;16.8;21.4;7;8;-5.1962;102
74;11.1;20.5;5;7;-2;64
53;14.5;23.3;5;6;-1.8794;74
83;15.8;25.9;1;1;2.8191;53
95;16.3;28.5;0;0;3.7588;83
123;17.5;30.6;4;3;0.8682;95
85;17;18.6;7;3;-2.5712;123
64;11.2;18.9;7;7;-0.9848;85
70;13.6;23.1;4;7;-2.2981;64
68;15.5;22.5;7;6;-4;70
69;12.4;20.9;5;4;-3.4641;68
68;9.3;18.7;7;6;-2.8191;69
66;13.3;19.3;7;8;-3.0782;68
55;13.5;13.8;8;8;-1.0261;66
61;9.8;15.4;6;5;-2.5981;55
61;12.2;17.3;7;4;-3.5;61
64;17.7;23.4;6;5;-4.4995;61
98;15;24.9;1;1;3.2139;64
73;15.5;18.6;5;3;-3.0642;98
72;12.4;20.4;6;6;-1.0419;73
72;12.2;21.7;6;4;-4.4995;72
51;10.9;19.2;7;8;-4.4995;72
67;15.2;17.2;7;7;-4.3301;51
72;12.6;18.6;4;2;-0.8682;67
