#Lmm Matrix output for gnuplot printing surface
	0.5	0.5	1.03484
	0.5	1	0
	0.5	1.5	0
	0.5	2	0
	0.5	2.5	0
	0.5	3	0
	0.5	3.5	0
	0.5	4	0
	0.5	4.5	0
	0.5	5	0
	0.5	5.5	0
	0.5	6	0
	0.5	6.5	0
	0.5	7	0
	0.5	7.5	0
	0.5	8	0
	0.5	8.5	0
	0.5	9	0
	0.5	9.5	0
	0.5	10	0

	1	0.5	1.03484
	1	1	1.03484
	1	1.5	0
	1	2	0
	1	2.5	0
	1	3	0
	1	3.5	0
	1	4	0
	1	4.5	0
	1	5	0
	1	5.5	0
	1	6	0
	1	6.5	0
	1	7	0
	1	7.5	0
	1	8	0
	1	8.5	0
	1	9	0
	1	9.5	0
	1	10	0

	1.5	0.5	1.03484
	1.5	1	1.03484
	1.5	1.5	1.03484
	1.5	2	0
	1.5	2.5	0
	1.5	3	0
	1.5	3.5	0
	1.5	4	0
	1.5	4.5	0
	1.5	5	0
	1.5	5.5	0
	1.5	6	0
	1.5	6.5	0
	1.5	7	0
	1.5	7.5	0
	1.5	8	0
	1.5	8.5	0
	1.5	9	0
	1.5	9.5	0
	1.5	10	0

	2	0.5	1.02641
	2	1	1.02641
	2	1.5	1.29768
	2	2	1.29768
	2	2.5	0
	2	3	0
	2	3.5	0
	2	4	0
	2	4.5	0
	2	5	0
	2	5.5	0
	2	6	0
	2	6.5	0
	2	7	0
	2	7.5	0
	2	8	0
	2	8.5	0
	2	9	0
	2	9.5	0
	2	10	0

	2.5	0.5	1.01799
	2.5	1	1.01799
	2.5	1.5	1.28925
	2.5	2	1.56051
	2.5	2.5	1.56051
	2.5	3	0
	2.5	3.5	0
	2.5	4	0
	2.5	4.5	0
	2.5	5	0
	2.5	5.5	0
	2.5	6	0
	2.5	6.5	0
	2.5	7	0
	2.5	7.5	0
	2.5	8	0
	2.5	8.5	0
	2.5	9	0
	2.5	9.5	0
	2.5	10	0

	3	0.5	1.12594
	3	1	1.12594
	3	1.5	1.14054
	3	2	1.4118
	3	2.5	1.51003
	3	3	1.51003
	3	3.5	0
	3	4	0
	3	4.5	0
	3	5	0
	3	5.5	0
	3	6	0
	3	6.5	0
	3	7	0
	3	7.5	0
	3	8	0
	3	8.5	0
	3	9	0
	3	9.5	0
	3	10	0

	3.5	0.5	1.2339
	3.5	1	1.2339
	3.5	1.5	1.24849
	3.5	2	1.26308
	3.5	2.5	1.36132
	3.5	3	1.45955
	3.5	3.5	1.45955
	3.5	4	0
	3.5	4.5	0
	3.5	5	0
	3.5	5.5	0
	3.5	6	0
	3.5	6.5	0
	3.5	7	0
	3.5	7.5	0
	3.5	8	0
	3.5	8.5	0
	3.5	9	0
	3.5	9.5	0
	3.5	10	0

	4	0.5	1.28029
	4	1	1.28029
	4	1.5	1.16314
	4	2	1.17773
	4	2.5	1.23056
	4	3	1.3288
	4	3.5	1.32846
	4	4	1.32846
	4	4.5	0
	4	5	0
	4	5.5	0
	4	6	0
	4	6.5	0
	4	7	0
	4	7.5	0
	4	8	0
	4	8.5	0
	4	9	0
	4	9.5	0
	4	10	0

	4.5	0.5	1.32668
	4.5	1	1.32668
	4.5	1.5	1.20953
	4.5	2	1.09238
	4.5	2.5	1.14521
	4.5	3	1.19804
	4.5	3.5	1.19771
	4.5	4	1.19737
	4.5	4.5	1.19737
	4.5	5	0
	4.5	5.5	0
	4.5	6	0
	4.5	6.5	0
	4.5	7	0
	4.5	7.5	0
	4.5	8	0
	4.5	8.5	0
	4.5	9	0
	4.5	9.5	0
	4.5	10	0

	5	0.5	1.35921
	5	1	1.35921
	5	1.5	1.17329
	5	2	1.05614
	5	2.5	1.02
	5	3	1.07283
	5	3.5	1.04523
	5	4	1.0449
	5	4.5	0.946715
	5	5	0.946715
	5	5.5	0
	5	6	0
	5	6.5	0
	5	7	0
	5	7.5	0
	5	8	0
	5	8.5	0
	5	9	0
	5	9.5	0
	5	10	0

	5.5	0.5	1.39175
	5.5	1	1.39175
	5.5	1.5	1.20583
	5.5	2	1.01991
	5.5	2.5	0.983766
	5.5	3	0.947623
	5.5	3.5	0.920023
	5.5	4	0.892423
	5.5	4.5	0.794242
	5.5	5	0.69606
	5.5	5.5	0.69606
	5.5	6	0
	5.5	6.5	0
	5.5	7	0
	5.5	7.5	0
	5.5	8	0
	5.5	8.5	0
	5.5	9	0
	5.5	9.5	0
	5.5	10	0

	6	0.5	1.24509
	6	1	1.24509
	6	1.5	1.38214
	6	2	1.19623
	6	2.5	0.954623
	6	3	0.91848
	6	3.5	0.833456
	6	4	0.805856
	6	4.5	1.0473
	6	5	0.949115
	6	5.5	0.470168
	6	6	0.470168
	6	6.5	0
	6	7	0
	6	7.5	0
	6	8	0
	6	8.5	0
	6	9	0
	6	9.5	0
	6	10	0

	6.5	0.5	1.09844
	6.5	1	1.09844
	6.5	1.5	1.23549
	6.5	2	1.37254
	6.5	2.5	1.13094
	6.5	3	0.889337
	6.5	3.5	0.804313
	6.5	4	0.719289
	6.5	4.5	0.96073
	6.5	5	1.20217
	6.5	5.5	0.723223
	6.5	6	0.244275
	6.5	6.5	0.244275
	6.5	7	0
	6.5	7.5	0
	6.5	8	0
	6.5	8.5	0
	6.5	9	0
	6.5	9.5	0
	6.5	10	0

	7	0.5	1.11831
	7	1	1.11831
	7	1.5	1.05711
	7	2	1.19416
	7	2.5	1.25928
	7	3	1.01768
	7	3.5	0.918469
	7	4	0.833445
	7	4.5	0.5987
	7	5	0.84014
	7	5.5	1.25493
	7	6	0.77598
	7	6.5	-0.0607346
	7	7	-0.0607346
	7	7.5	0
	7	8	0
	7	8.5	0
	7	9	0
	7	9.5	0
	7	10	0

	7.5	0.5	1.13818
	7.5	1	1.13818
	7.5	1.5	1.07698
	7.5	2	1.01578
	7.5	2.5	1.0809
	7.5	3	1.14602
	7.5	3.5	1.04681
	7.5	4	0.947601
	7.5	4.5	0.712855
	7.5	5	0.47811
	7.5	5.5	0.892897
	7.5	6	1.30768
	7.5	6.5	0.47097
	7.5	7	-0.365745
	7.5	7.5	-0.365745
	7.5	8	0
	7.5	8.5	0
	7.5	9	0
	7.5	9.5	0
	7.5	10	0

	8	0.5	1.1267
	8	1	1.1267
	8	1.5	1.0591
	8	2	0.997902
	8	2.5	0.984321
	8	3	1.04944
	8	3.5	1.18316
	8	4	1.08395
	8	4.5	0.828406
	8	5	0.59366
	8	5.5	0.506118
	8	6	0.920905
	8	6.5	1.11813
	8	7	0.281416
	8	7.5	0.191685
	8	8	0.191685
	8	8.5	0
	8	9	0
	8	9.5	0
	8	10	0

	8.5	0.5	1.11521
	8.5	1	1.11521
	8.5	1.5	1.04762
	8.5	2	0.980024
	8.5	2.5	0.966443
	8.5	3	0.952862
	8.5	3.5	1.08659
	8.5	4	1.22031
	8.5	4.5	0.96476
	8.5	5	0.709211
	8.5	5.5	0.621669
	8.5	6	0.534126
	8.5	6.5	0.731351
	8.5	7	0.928577
	8.5	7.5	0.838845
	8.5	8	0.749114
	8.5	8.5	0.749114
	8.5	9	0
	8.5	9.5	0
	8.5	10	0

	9	0.5	1.09247
	9	1	1.09247
	9	1.5	0.989258
	9	2	0.921664
	9	2.5	0.974733
	9	3	0.961152
	9	3.5	0.974368
	9	4	1.10809
	9	4.5	1.20735
	9	5	0.951806
	9	5.5	0.639573
	9	6	0.55203
	9	6.5	0.641794
	9	7	0.839019
	9	7.5	0.738895
	9	8	0.649163
	9	8.5	0.616557
	9	9	0.616557
	9	9.5	0
	9	10	0

	9.5	0.5	1.06972
	9.5	1	1.06972
	9.5	1.5	0.966513
	9.5	2	0.863305
	9.5	2.5	0.916373
	9.5	3	0.969442
	9.5	3.5	0.982658
	9.5	4	0.995874
	9.5	4.5	1.09514
	9.5	5	1.1944
	9.5	5.5	0.882167
	9.5	6	0.569935
	9.5	6.5	0.659698
	9.5	7	0.749462
	9.5	7.5	0.649337
	9.5	8	0.549213
	9.5	8.5	0.516607
	9.5	9	0.484001
	9.5	9.5	0.484001
	9.5	10	0

	10	0.5	1.06972
	10	1	1.06972
	10	1.5	0.966513
	10	2	0.863305
	10	2.5	0.916373
	10	3	0.969442
	10	3.5	0.982658
	10	4	0.995874
	10	4.5	1.09514
	10	5	1.1944
	10	5.5	0.882167
	10	6	0.569935
	10	6.5	0.659698
	10	7	0.749462
	10	7.5	0.649337
	10	8	0.549213
	10	8.5	0.516607
	10	9	0.484001
	10	9.5	0.484001
	10	10	0.484001

