#Lmm Matrix output for gnuplot printing surface
	0.5	0.5	1.0574
	0.5	1	0
	0.5	1.5	0
	0.5	2	0
	0.5	2.5	0
	0.5	3	0
	0.5	3.5	0
	0.5	4	0
	0.5	4.5	0
	0.5	5	0
	0.5	5.5	0
	0.5	6	0
	0.5	6.5	0
	0.5	7	0
	0.5	7.5	0
	0.5	8	0
	0.5	8.5	0
	0.5	9	0
	0.5	9.5	0
	0.5	10	0

	1	0.5	1.0574
	1	1	1.0574
	1	1.5	0
	1	2	0
	1	2.5	0
	1	3	0
	1	3.5	0
	1	4	0
	1	4.5	0
	1	5	0
	1	5.5	0
	1	6	0
	1	6.5	0
	1	7	0
	1	7.5	0
	1	8	0
	1	8.5	0
	1	9	0
	1	9.5	0
	1	10	0

	1.5	0.5	1.0574
	1.5	1	1.0574
	1.5	1.5	1.05912
	1.5	2	0
	1.5	2.5	0
	1.5	3	0
	1.5	3.5	0
	1.5	4	0
	1.5	4.5	0
	1.5	5	0
	1.5	5.5	0
	1.5	6	0
	1.5	6.5	0
	1.5	7	0
	1.5	7.5	0
	1.5	8	0
	1.5	8.5	0
	1.5	9	0
	1.5	9.5	0
	1.5	10	0

	2	0.5	0.983353
	2	1	0.983353
	2	1.5	1.05912
	2	2	1.06084
	2	2.5	0
	2	3	0
	2	3.5	0
	2	4	0
	2	4.5	0
	2	5	0
	2	5.5	0
	2	6	0
	2	6.5	0
	2	7	0
	2	7.5	0
	2	8	0
	2	8.5	0
	2	9	0
	2	9.5	0
	2	10	0

	2.5	0.5	0.909305
	2.5	1	0.909305
	2.5	1.5	0.985208
	2.5	2	1.06084
	2.5	2.5	1.0627
	2.5	3	0
	2.5	3.5	0
	2.5	4	0
	2.5	4.5	0
	2.5	5	0
	2.5	5.5	0
	2.5	6	0
	2.5	6.5	0
	2.5	7	0
	2.5	7.5	0
	2.5	8	0
	2.5	8.5	0
	2.5	9	0
	2.5	9.5	0
	2.5	10	0

	3	0.5	0.903286
	3	1	0.903286
	3	1.5	0.911296
	3	2	0.987062
	3	2.5	1.0627
	3	3	1.06456
	3	3.5	0
	3	4	0
	3	4.5	0
	3	5	0
	3	5.5	0
	3	6	0
	3	6.5	0
	3	7	0
	3	7.5	0
	3	8	0
	3	8.5	0
	3	9	0
	3	9.5	0
	3	10	0

	3.5	0.5	0.897266
	3.5	1	0.897266
	3.5	1.5	0.904922
	3.5	2	0.913286
	3.5	2.5	0.98901
	3.5	3	1.06456
	3.5	3.5	1.06563
	3.5	4	0
	3.5	4.5	0
	3.5	5	0
	3.5	5.5	0
	3.5	6	0
	3.5	6.5	0
	3.5	7	0
	3.5	7.5	0
	3.5	8	0
	3.5	8.5	0
	3.5	9	0
	3.5	9.5	0
	3.5	10	0

	4	0.5	1.00237
	4	1	1.00237
	4	1.5	0.898549
	4	2	0.906559
	4	2.5	0.915322
	4	3	0.990957
	4	3.5	1.06563
	4	4	1.0667
	4	4.5	0
	4	5	0
	4	5.5	0
	4	6	0
	4	6.5	0
	4	7	0
	4	7.5	0
	4	8	0
	4	8.5	0
	4	9	0
	4	9.5	0
	4	10	0

	4.5	0.5	1.10747
	4.5	1	1.10747
	4.5	1.5	1.00338
	4.5	2	0.899832
	4.5	2.5	0.908372
	4.5	3	0.917359
	4.5	3.5	0.992335
	4.5	4	1.0667
	4.5	4.5	1.06799
	4.5	5	0
	4.5	5.5	0
	4.5	6	0
	4.5	6.5	0
	4.5	7	0
	4.5	7.5	0
	4.5	8	0
	4.5	8.5	0
	4.5	9	0
	4.5	9.5	0
	4.5	10	0

	5	0.5	0.898123
	5	1	0.898123
	5	1.5	1.10822
	5	2	1.0044
	5	2.5	0.901421
	5	3	0.910185
	5	3.5	0.919044
	5	4	0.993713
	5	4.5	1.06799
	5	5	1.06929
	5	5.5	0
	5	6	0
	5	6.5	0
	5	7	0
	5	7.5	0
	5	8	0
	5	8.5	0
	5	9	0
	5	9.5	0
	5	10	0

	5.5	0.5	0.68878
	5.5	1	0.68878
	5.5	1.5	0.89871
	5.5	2	1.10897
	5.5	2.5	1.00576
	5.5	3	0.90301
	5.5	3.5	0.911846
	5.5	4	0.920729
	5.5	4.5	0.995402
	5.5	5	1.06929
	5.5	5.5	1.07089
	5.5	6	0
	5.5	6.5	0
	5.5	7	0
	5.5	7.5	0
	5.5	8	0
	5.5	8.5	0
	5.5	9	0
	5.5	9.5	0
	5.5	10	0

	6	0.5	0.854599
	6	1	0.854599
	6	1.5	0.689202
	6	2	0.899297
	6	2.5	1.1101
	6	3	1.00712
	6	3.5	0.904647
	6	4	0.913507
	6	4.5	0.922812
	6	5	0.99709
	6	5.5	1.07089
	6	6	1.07249
	6	6.5	0
	6	7	0
	6	7.5	0
	6	8	0
	6	8.5	0
	6	9	0
	6	9.5	0
	6	10	0

	6.5	0.5	1.02042
	6.5	1	1.02042
	6.5	1.5	0.854918
	6.5	2	0.689624
	6.5	2.5	0.900123
	6.5	3	1.11122
	6.5	3.5	1.0084
	6.5	4	0.906284
	6.5	4.5	0.915251
	6.5	5	0.924896
	6.5	5.5	0.998671
	6.5	6	1.07249
	6.5	6.5	1.07334
	6.5	7	0
	6.5	7.5	0
	6.5	8	0
	6.5	8.5	0
	6.5	9	0
	6.5	9.5	0
	6.5	10	0

	7	0.5	1.41907
	7	1	1.41907
	7	1.5	1.02063
	7	2	0.855236
	7	2.5	0.69015
	7	3	0.90095
	7	3.5	1.11215
	7	4	1.00968
	7	4.5	0.907689
	7	5	0.916995
	7	5.5	0.926452
	7	6	1.00025
	7	6.5	1.07334
	7	7	1.07419
	7	7.5	0
	7	8	0
	7	8.5	0
	7	9	0
	7	9.5	0
	7	10	0

	7.5	0.5	1.81771
	7.5	1	1.81771
	7.5	1.5	1.41922
	7.5	2	1.02085
	7.5	2.5	0.855603
	7.5	3	0.690677
	7.5	3.5	0.901575
	7.5	4	1.11307
	7.5	4.5	1.01066
	7.5	5	0.909094
	7.5	5.5	0.918145
	7.5	6	0.928009
	7.5	6.5	1.00099
	7.5	7	1.07419
	7.5	7.5	1.07449
	7.5	8	0
	7.5	8.5	0
	7.5	9	0
	7.5	9.5	0
	7.5	10	0

	8	0.5	0.908857
	8	1	0.908857
	8	1.5	1.81781
	8	2	1.41937
	8	2.5	1.02106
	8	3	0.85597
	8	3.5	0.691002
	8	4	0.902199
	8	4.5	1.11364
	8	5	1.01165
	8	5.5	0.909839
	8	6	0.919296
	8	6.5	0.928639
	8	7	1.00173
	8	7.5	1.07449
	8	8	1.07479
	8	8.5	0
	8	9	0
	8	9.5	0
	8	10	0

	8.5	0.5	6.56234e-009
	8.5	1	6.56234e-009
	8.5	1.5	0.908916
	8.5	2	1.8179
	8.5	2.5	1.41951
	8.5	3	1.02126
	8.5	3.5	0.856171
	8.5	4	0.691328
	8.5	4.5	0.90255
	8.5	5	1.11421
	8.5	5.5	1.01213
	8.5	6	0.910583
	8.5	6.5	0.919715
	8.5	7	0.929268
	8.5	7.5	1.00197
	8.5	8	1.07479
	8.5	8.5	1.07484
	8.5	9	0
	8.5	9.5	0
	8.5	10	0

	9	0.5	1.03434
	9	1	1.03434
	9	1.5	2.63314e-005
	9	2	0.908976
	9	2.5	1.81796
	9	3	1.41964
	9	3.5	1.02134
	9	4	0.856372
	9	4.5	0.691461
	9	5	0.9029
	9	5.5	1.11441
	9	6	1.0126
	9	6.5	0.910792
	9	7	0.920134
	9	7.5	0.929442
	9	8	1.0022
	9	8.5	1.07484
	9	9	1.0749
	9	9.5	0
	9	10	0

	9.5	0.5	2.06869
	9.5	1	2.06869
	9.5	1.5	1.03434
	9.5	2	5.26562e-005
	9.5	2.5	0.908976
	9.5	3	1.81802
	9.5	3.5	1.41964
	9.5	4	1.02142
	9.5	4.5	0.856372
	9.5	5	0.691593
	9.5	5.5	0.9029
	9.5	6	1.11462
	9.5	6.5	1.0126
	9.5	7	0.911
	9.5	7.5	0.920134
	9.5	8	0.929615
	9.5	8.5	1.0022
	9.5	9	1.0749
	9.5	9.5	1.0749
	9.5	10	0

	10	0.5	2.06869
	10	1	2.06869
	10	1.5	1.03434
	10	2	5.26562e-005
	10	2.5	0.908976
	10	3	1.81802
	10	3.5	1.41964
	10	4	1.02142
	10	4.5	0.856372
	10	5	0.691593
	10	5.5	0.9029
	10	6	1.11462
	10	6.5	1.0126
	10	7	0.911
	10	7.5	0.920134
	10	8	0.929615
	10	8.5	1.0022
	10	9	1.0749
	10	9.5	1.0749
	10	10	1.0749

